 2254
 8154
 6854
 8679
 8295
 2950
 8575
 9238
 1383
 8573
 7962
 9578
  420
 1053
 8876
 2588
 9878
 2597
 8535
 1759
 8628
 3281
 4590
 8924
 9679
 1451
 8735
 8526
 7225
 9366
 9984
 7489
  528
 9258
 7022
 7951
 1712
 8970
 5040
 1500
 1897
 1982
 5768
 6284
 1660
 7679
 7627
 4328
 2903
 2599
 7654
 5391
 2489
 8853
 2820
 8358
 2253
 6965
 5024
 9407
 8748
 7143
 7192
 1341
 4337
  128
 5537
 8761
 8556
 9561
 1257
 1249
 3230
 5788
 5316
 9933
 7673
 1058
 8008
 5341
 8670
 3928
 7813
 8463
 7264
 7677
 1467
 5800
 6366
 9824
 8237
 7421
 5241
 5927
 1150
 6279
  899
 3423
   63
 6976
 6636
 6503
 7984
   14
 5928
 6417
  294
 8957
 1993
 3559
 3510
 8777
 4360
 2989
 7850
 3301
 4437
  242
 2356
 2157
 9752
 6252
 9126
 5900
 8816
 9356
 3349
 5612
 4772
 5320
 2906
 9064
  855
 6786
 6260
 6242
 7742
 5564
 3352
 2846
 3795
 4529
 7125
 7816
 9225
 1029
  512
 7930
  176
 3791
 6308
 7059
 5234
 3603
  666
 4347
 7885
 2896
 8743
  350
 5053
 1314
 3444
 8641
 3237
 8229
 5038
  709
 5914
 1720
 4012
 3671
 6546
 2761
 8247
 8156
 7079
 8633
 5162
  124
 5056
 8187
 6082
 7861
 5225
 6927
 6269
   50
 8555
 3114
 2726
 6983
 1708
 9497
 5688
 5000
 2270
  437
 8335
 7849
 2608
 6379
  574
 2819
 9896
 4869
 8812
 6278
 9288
 5970
 2085
 7385
 1771
 7428
 6686
 1263
  480
 6803
 3496
 9235
 2604
 8888
 4607
  634
 8862
 7769
  954
 4515
 2288
 1293
 1017
 8115
 3370
 5811
 7223
 9776
 1627
 5727
 1631
 5276
 5609
 4308
  800
 9974
 1659
 3379
 6993
 1032
 9794
 2972
 2357
 3606
 1144
  241
  787
 7000
 2443
 2109
 9969
 4617
 3461
 7303
 7161
  802
 5799
 2583
 2207
 3851
 4073
 2546
 5244
 4520
 2620
  272
 1646
 3565
 7262
 7871
 5101
 5898
 8980
 7824
 6929
  303
 2730
 4292
 3098
 7179
 4583
 4400
 8379
 5815
 2775
 6398
 5280
 9234
 6533
 3718
 2672
 8803
 7341
 6819
 7484
 9779
 5440
 5482
 7230
 1332
 4803
 7123
 9428
 3176
 3395
 7057
 7101
 5861
 9385
 7056
  941
 9586
 9971
 4573
 9067
 2752
 5196
  963
  307
 5633
 8337
 2195
  226
 8894
 2970
 8967
 8029
 8697
 6530
 6692
 5962
 8964
 2201
 6255
 3876
 6875
 6839
 7910
 3530
  586
 5299
 7594
 5657
  193
 3735
 1945
 4394
 1484
 9383
 3743
 3166
 6048
 4065
 9233
 9618
 4048
 6968
 2572
 3035
 3181
 2514
 9241
 9219
 1884
 6217
 2481
 7784
 7669
 3498
 9929
 2568
 6452
 9677
 7712
 2506
 9841
 5013
 3003
 9661
 6446
  118
 2212
 8530
  663
 7017
 9534
 2020
 3120
 5095
   42
 5841
 3502
  659
 3075
 3233
 3745
 4180
 3542
 2022
 1328
 7525
 5301
 3164
 5597
 1169
 5714
 3949
 2984
 6874
 6349
 8421
  761
 4662
 9185
 4173
 1530
  990
 5004
 1015
 1585
 9246
 3469
 2541
 2466
 1089
 6569
 4795
  237
  881
 9105
 8842
 2921
 1965
 9496
 4139
 6881
 2117
 8632
 1075
 4603
 7814
 1745
  962
 9145
 4581
 6215
 4464
 7843
 3362
  239
 1011
 8990
 3576
 5484
 3725
  384
 2966
 5181
 2049
 4824
 2152
 7808
 3766
 6588
 5604
 7199
 2794
 4055
 5432
  917
 1067
 2070
 9751
 4277
 3834
 6282
 2986
 7432
 8572
 2018
 2682
 3545
 5332
 5491
 8328
 1852
 2391
 4646
  418
 5326
 4208
   73
 5033
 2390
 6415
 1556
 6920
 9285
 5607
 5346
 1260
 2075
 4641
 1715
 9173
 2346
 6063
 2711
 2545
 7215
 8451
 4352
 7044
 3803
 3736
 7896
 1562
 7929
 2765
 9426
 8681
 2252
 2971
 7688
  461
 3207
 3415
 3232
 3992
 4456
  475
 8017
 5476
 7625
 9678
 8110
  804
 5960
 5298
 1088
 3950
 1270
 3004
 1526
 4584
 2729
 5180
 4551
  972
 3089
 7325
 7077
  929
 6551
 3826
  966
 9626
 6931
 9098
 7740
 1021
 3929
 9705
 4684
 9415
 8461
 5645
 2024
 1086
 2799
 5592
 3136
 3550
 4287
 5105
 7496
 5789
 9263
 5704
 6864
 4090
 6107
 7879
 1284
 7033
 7741
 2150
 7722
 1468
 3455
 8536
 3203
 5402
  970
 9097
 3896
 2164
 4580
 6549
 3326
  952
 4685
 5366
 3211
 1743
 3612
 5119
 9605
 3235
 8671
 6762
 3990
 1706
 1153
 7176
 7623
 1170
 3266
 7010
 5681
 2220
 3324
 3572
 8629
 5135
 6682
 4004
 5186
 6179
 3969
 9704
 7831
 2548
 9226
 6096
 5492
 6407
 2141
 5868
 3955
 4989
 3985
 4804
 6236
 7733
 7713
 8276
 4326
 8730
 3067
 7854
 8174
 9911
 5591
  305
 5072
  253
 1404
 8944
 4818
 8987
 3859
 5598
 7377
  143
 4959
 8848
 3739
  492
  909
 6328
 9631
 8892
   29
 8709
 7920
  551
 4906
 6123
 4615
 3585
 8627
 5798
 5766
 5073
 6774
 1595
  346
 2215
  247
 3427
 9253
 7372
  728
 7975
  469
 8801
 9322
 4994
 7238
 6190
 5221
  371
 2631
 8112
 6156
 6197
 6787
 3280
 2410
 9296
 2378
 9132
 8815
 6838
 6939
 4353
 2355
 4569
 2349
 9831
 2837
 9048
  538
 5406
 5894
 8209
 6145
 5208
 8825
 3061
 8707
 5574
 6032
 6565
 3938
  476
 9487
 3104
  667
 1445
 2602
 2351
 6160
 9151
 7207
 1905
 2403
 1376
 8486
 9607
  690
 2760
 7866
 7539
 4157
 8781
 5219
 6081
 8741
 5117
 2720
 7589
 6538
 5626
 5236
 8333
 4051
 4499
 1052
 7310
 9399
 4843
 4913
  722
  915
   43
 8305
 6101
 5551
 2211
 8393
 3971
 1615
 7796
 4185
 2830
 1641
 4796
 5207
 2477
 3508
 7089
 1242
 2500
 5285
 5698
 9034
 4281
 4613
 7509
 8787
 8027
 1908
 7852
 5425
 6554
 6792
 5178
 2737
 9861
 6862
 9693
 8927
 9448
 8410
 9061
 3249
 9993
 7455
 1954
 6665
 8872
 3073
 6846
 8213
  150
 6360
  545
  814
 8626
 9092
 1578
  250
 4428
 1478
 1694
 9272
  749
 4436
 8806
  889
  419
 7657
 6244
 5667
 4797
  777
 5294
 7592
 4339
 9289
 3284
 3793
 1847
 4124
 1744
 2696
 4855
 2431
 7336
 5147
 5160
 5570
 8765
 7298
 6855
 7158
 4174
  139
 9611
 5263
 2897
 3779
 4290
 7764
 1165
 5930
 4916
  234
 5433
 7609
 2003
 6681
  292
 3622
 8365
 8797
 6593
  927
 9606
 5765
 3130
 8227
 3921
  312
 6097
 8244
 9355
 2876
 8958
 3357
 4161
 5375
 9481
 3634
 8828
 3449
 1246
 8042
 5726
 7593
 9643
 9346
 1205
 3685
 5762
 7425
 7581
 2937
 7100
 1652
 4265
 1644
  183
 7026
   62
 6630
 5420
 5538
 4108
 2433
   37
 7839
 8640
 4253
 8582
 2259
 6562
 2361
 1006
 6580
 2882
 1192
 5150
   26
 5342
 9326
  526
 8135
 3541
 7693
 6153
 5855
  846
 6712
 4392
 8764
  235
 7388
 7081
 7694
 6758
 9922
 6157
 8266
 2074
 7671
 1818
 7150
 7528
 7202
 9954
  720
 9071
 4525
 2272
 6266
 4759
 3023
 5532
 6971
 2174
 4559
 9788
  166
 5738
 3160
  213
 9010
 4896
 6662
 7470
 1734
 2147
  320
 4095
 3775
 3125
 8117
 4311
  547
 9602
 7437
 1220
  541
  153
 9351
 4296
 5801
 1311
 9358
 5485
 9182
 4403
 4372
 5725
 2976
 2809
 1532
 1861
 2420
 6582
 1833
 3189
 4565
 5812
 2581
 8445
 1171
 2875
 3841
  507
 3643
 2266
 2735
 5783
 7271
 4775
 2749
 7154
 8462
 2290
 8917
 6658
  818
 6585
 9119
 5060
  149
 5087
 6935
 2658
 5879
 2209
 1658
 4700
 4822
 6677
  319
  375
 5254
  105
  482
 4561
 7976
 8976
 9156
 2328
 6396
 8432
 7585
 5271
 1753
 1634
 7613
 9413
 2326
 5054
  732
  194
 9792
 7224
 8297
 7122
 8922
  251
 5848
 5903
 9940
 6317
 6703
 9938
  158
 4202
 1439
 3193
 3293
  506
 2122
 1814
 3644
 8562
 6367
 5194
 5880
 1841
 4960
  477
 7727
 4862
 9849
 8060
 5833
 1930
 7103
 2525
 9262
 9739
 6246
 7299
 4689
 2728
 7219
 4443
 7958
 7538
 3402
  953
 7922
 3707
 1410
   77
 6397
 2426
 2343
 7932
 8751
 6726
 6280
 6815
 9095
 5760
 6142
 9441
 2009
 9539
 1244
 1193
 2072
 3383
 3893
 8527
 1331
 2350
 6507
 9176
 5429
  537
 3714
 7182
 4445
 1174
 6872
 3713
 3317
 5741
 7268
 5559
  642
 7971
 2703
 7345
 6604
 4948
 2641
 3363
   79
  760
 9511
 7075
 2624
 5435
 7127
 1621
 6221
 3778
  513
 1642
 7820
 7559
 7676
 7681
 9917
 8413
 8074
  752
 2724
 8843
 1854
 8859
 3442
 2312
 1041
 5606
 7245
 4723
 1369
 9021
 7672
 6220
 6574
 4750
 1888
 1338
 5295
 3755
 8361
 5943
 8487
 8769
 8719
 5547
  147
 6534
 3252
 9391
 9276
 5849
  334
 4364
 8968
 4039
 2899
 1081
 4207
 6877
 7952
 7918
 8167
 5982
 3560
 8580
 6115
 2067
 7954
 8053
 2748
 3765
 9200
 1931
 1046
 6543
 2184
 1454
 9575
 5806
 6468
 2088
 1433
 5407
 3457
 5498
 8827
 7646
  310
 1876
 9839
 1405
 9992
 8794
 4671
 7710
  524
 2008
 5217
  116
 5724
 3096
 4780
 2045
  357
 4222
 5672
 9045
 8253
 7541
 7206
 3562
 5247
  632
 5486
 8601
 4486
 2054
 2140
 7723
 3175
 6222
 5985
 9599
 9254
 4278
 9324
  408
 3821
 4215
 4447
 9341
 8587
 4419
 3418
 5246
 5527
 9303
 9551
 3948
  130
 9808
    4
 2462
 5423
  824
  807
 9087
 1237
 4708
 4996
  875
 6590
 5466
 6978
 3926
 1671
 2448
 2429
 5857
 7853
 4610
 4725
 3650
 8745
   38
 4057
 9999
 7344
 7399
 6238
 5173
 7770
  838
 3860
 8072
 6527
 6274
 2275
 3839
 3784
 7406
 8604
 4939
 8784
 7426
 7967
 1969
  887
 8425
 3426
  493
 9528
 9844
 8563
 1054
 8423
 3852
 2606
 8846
 1364
 7736
 1402
 2154
 6892
 4002
 1155
 2939
 7461
 6845
 1545
 5404
 7846
 6988
 6655
 6477
 8538
 6938
 8790
 4379
 1960
 1199
 4523
 6084
 5944
 2870
 3526
 2200
 4992
 4954
  874
 2032
 5509
 6841
 3286
 8236
  450
 6626
 7756
 9390
 3546
  644
 3122
 6381
 1796
 9047
 5753
 4890
 6283
 3048
 3521
 5573
 8817
 8747
 3873
 8887
 6749
 6257
 8228
 8585
 3456
 9504
 3940
 6950
 8614
 3118
 5174
 1491
 1212
 5358
 5070
 1140
 4397
 3915
 5533
 7278
 2549
  703
 1166
  254
 6489
 6386
 6848
 1932
 3984
 3849
 3911
 6480
 9585
 9811
 4409
 1340
 1675
   71
 8342
  600
 5635
 4743
 3355
 3494
 2776
 7492
 7241
 8662
 2108
 5582
 4974
 6849
 9665
 1928
 4921
 5494
 4861
 2652
 5713
 6924
 8433
 2309
 7514
 6414
 6052
 4792
 1701
 8951
 6727
 2119
 1994
 1477
 7424
 9290
 2825
 8909
  249
 7641
 3432
 3450
 9893
 5269
 4098
 4235
 6262
  699
 4739
 2577
  219
  738
  677
 2544
 4620
 1342
 8279
 5656
 3753
 2587
 3605
 7131
  425
 1344
 9109
  687
  773
 5361
 4357
 4307
 5337
 8669
 2336
  337
 3884
 3359
 6912
  606
 6439
 5456
 7639
  227
 2555
 4812
 7104
 6091
 9330
  326
 4079
  791
  977
 1254
 2415
 9538
 8729
 6583
 4911
 3639
 3374
  181
 8108
 9205
 7486
 6750
 9601
 9069
 4931
 3942
 5034
 7689
 6159
 8219
 2714
 3571
 1003
 4140
 4755
 6746
 4273
  650
 4526
 5809
 5462
  860
 4524
 5792
  910
 9645
 2359
 3025
  398
 1683
 1356
 7257
 8277
 3888
 9380
  552
 8082
  220
 1976
 6433
 2647
  857
 1909
 9982
 3648
 4946
 2098
 1283
 8708
 4294
 9807
 3224
 9600
 6575
 1450
 9740
 3524
 7133
 4640
 2663
 4650
 2834
  246
 8724
 2401
 1161
  330
 1093
 7228
 3330
 8353
 4283
 2099
 2977
 3212
 2559
 5227
 9935
 9089
 9350
 1986
 8647
 6525
 8089
 7987
 3488
 3163
 3741
 6430
 4658
 7205
  261
  452
 6605
 3701
 6522
 4418
 2635
 7476
 9670
 2376
 2840
  806
    3
 5055
 8220
 4752
 6649
 7213
 8101
 8104
 2473
 7155
 8755
 9058
   64
 1141
 2397
 9702
 4424
  333
 8019
  540
 4729
 5650
 2718
 7533
 4152
 7008
 6343
 9367
 8767
 9482
 9070
 1304
 4125
 3446
 9842
 5365
 8009
 4973
 3439
 1527
 5228
 6066
 1512
 9674
 3934
 8406
 8061
 6725
 7832
 1565
 7582
 5508
 1572
 4963
  759
 5917
 4375
 4144
 2050
 4502
 6289
  822
 6031
  834
 5999
 1827
 2522
 4269
 5588
 5556
 3945
 2381
 8398
 9942
 5461
 6376
  662
 6473
 8829
 3665
 8946
 6020
 8513
 7830
 8320
 8011
 5734
 9204
  689
 6431
 8900
 9529
 2226
  854
 7324
 7136
 7438
  812
 7518
 7508
 8121
 8489
 8132
 5322
 7382
 5621
 6389
 7807
 7267
 7118
 9376
 4522
 3983
 7251
 2159
 1472
 2373
 6589
  700
 2670
 1465
 3719
 9926
 3649
 2580
  965
 7078
 7284
 1024
 3222
 4127
 5500
 8857
 6445
  349
 5736
 2810
 9562
 4146
 5344
 4149
 6148
 8672
 7921
 1508
  430
 5421
   20
 6009
 1285
 5977
 6180
 3491
 2470
 6146
 1874
 9569
 5167
 7064
 9725
   70
 3517
 3752
 6014
 5837
 1183
 5161
 9789
 9166
 1846
 6040
 2210
 2792
  563
 2487
 8383
 2171
 5114
 7858
  836
 9986
 8018
 6207
 6617
 1421
 5357
 7935
 1926
  534
  532
  554
 9286
 9816
 1819
 4299
 3807
 2946
 8371
 6068
 8021
 1731
 5924
 4320
 8093
 3564
 8284
 9005
 6587
 8699
 3798
 2886
 9843
 6354
 4423
 3804
 8721
 6310
   13
 1577
 7253
 2566
 7798
 7403
 9266
 1473
 7986
 3167
 7304
 1547
 4461
 7724
 1817
  900
 4444
 2804
 6687
  347
 8826
 9117
 3874
 2740
 1040
 6817
 9522
  920
 4224
 8935
 8596
 3434
 7466
 3882
 6581
 1290
  260
 2497
 9311
 1987
 7434
  152
 8509
 1378
 1108
 1393
  765
 9915
 1880
 9888
 8438
 1177
  352
 9139
 9924
 7415
 8896
 9256
 9031
 5450
 4879
 6015
 4657
 8159
 7505
  311
 7901
 2059
 9463
  380
 3819
 2347
 5003
 7384
  329
 4237
 8446
 8148
 6510
 9871
 6628
 8810
 5051
 2137
 1415
 8595
 3700
  255
 2924
  569
 4476
 1697
 9876
 5699
 7085
 7772
 9306
 1521
 3672
 5306
 3996
 5397
 5319
 6645
  641
 7108
 4494
 9169
  411
 7087
 2167
 2964
 7168
 2092
 5641
  872
 3968
 1648
 5926
 2476
  684
 6170
 7788
  623
 6642
 8925
  648
 4126
 9192
  801
 3272
 2233
 1687
 6901
 9425
 7039
 2956
 2369
 2994
 7865
 5840
 2006
 9138
  958
 9186
 7658
 9001
 7115
 4936
 1233
 3259
 5465
 2151
 6889
 6309
 8436
 2995
 4811
 9769
 8661
  558
 8594
 1594
  731
 8111
 9610
 4781
 1330
 5363
 8710
 5989
 3049
 8195
 3186
 5130
  808
 8965
 5807
 1298
 4200
 6830
 7822
 3808
 6870
 7611
 2532
 1104
 5297
 2519
 3008
 4176
 5737
 6975
 6176
 8836
 4664
 2598
 3652
 3683
 8830
 6214
 6691
 3669
 8985
 4840
 5175
 1984
 5129
  431
 8733
 7419
 5828
 5258
 9636
 9494
 1769
 6272
 7138
 1895
 6897
 3492
 9597
 9292
 6618
 9581
 2653
  587
 7188
 9041
 1864
 4702
  481
 6888
 2770
 8321
 3006
 7870
 8288
 5514
 9753
 4579
 4245
 5023
 4724
 1935
 1274
 2848
 3551
 5374
 8429
 4817
 9747
 6325
  861
 3720
 8542
 3532
 4049
 7837
 9695
 1522
 5121
 8177
 1997
 9275
 3299
 5335
 8291
 3173
 5846
 4148
 1442
 4220
 4718
 9189
 8483
 7065
 5189
 9592
 2111
 6757
    8
 2777
 2515
 7869
 3285
 1533
 3192
 4276
 9862
 3589
 3018
 7634
 5539
 6905
 3078
 5083
 6526
 5991
 5340
 9133
 6327
 2531
 5615
 9333
  997
 6213
 8205
  664
 5718
 1513
 6886
 3290
 9656
 2323
 8804
 8973
 3730
 8923
 1839
 4034
  515
 9851
 7549
 8179
 1555
 1312
 7018
 2424
 2279
 7732
  457
 8740
 3063
 1940
 5549
 8654
 9430
  191
 1013
 1831
 1563
 6940
 4574
 4378
 7314
 8865
 1399
 1057
 7792
 3910
 9479
 7355
 8502
 4313
 2603
 5388
 8078
 5197
 6173
 3037
 2781
 8991
  817
 4275
 9343
 7511
 5995
 7445
 4191
 9870
 1210
 2438
 4799
 4914
 5059
 5252
 3055
 5291
 2934
 5755
 1461
 3171
 3613
 5144
  542
 3967
 7285
 1610
 2483
 6347
 4738
 1645
  878
 2422
 6607
 6070
 2082
 5709
 2136
 6450
 8452
 3012
 7172
 5554
 3231
  273
 3421
 7747
 8586
 7364
 8059
 1163
 6007
 7309
 9565
 1524
 5697
 1824
 4291
  125
 3194
 9486
 3360
 5395
 3609
 4763
 8303
 3920
 7753
 4967
 4756
   72
 3626
 9812
 2501
   36
 7247
 4201
 9557
 5104
 5683
  186
 2034
 1084
 5470
 9368
  127
 4747
 2680
 8134
   17
 4078
 1791
 5822
 6680
 6805
 3988
 4288
 3257
 3431
 7715
 2421
 1247
 2428
 8090
 2611
 2241
 4116
 6863
 3143
 6348
 6769
 5610
 3870
 1264
 3687
 7398
 4547
    2
 5945
 5715
 6624
 7134
 3452
 6695
 8367
 8394
 2142
 7198
 8850
 1607
 3868
 8412
  568
 3358
 8275
 1443
 4715
 5975
 6810
 9162
 2951
 2558
  851
 3579
 3468
  417
  286
 8988
 8480
 7473
 5473
 1366
 4303
 2051
 3894
 2235
   49
 1231
 7845
 8366
 1250
 3811
 4871
 7235
 6611
 4009
  448
 6747
 4413
 1557
 3253
 2797
 5062
 8504
 6071
 5323
 7499
 4411
 4648
 2248
 3850
 3690
 1709
  264
 4975
 9199
 8207
 7791
 6806
 3715
 3315
 4900
 7797
 8296
 9583
 7308
 8013
  466
 8073
 3385
 8684
 2659
  882
 5155
 3062
 6785
 9082
 2269
 2952
 2767
 7886
 6547
 2447
 5240
 7197
 1780
  829
 5655
 7867
 8103
 8256
 2814
 4399
  107
 7497
 3296
 9854
 7342
 2053
 8639
  757
 8130
 4483
 5803
 9026
 5819
 5273
 6394
 8028
 6566
 7456
 8002
 3566
 5821
 6312
 8385
 8332
 3384
 4705
 5958
 6738
 5521
 5584
 6285
 4252
 3733
 7699
 4255
 8576
 1323
 9068
 7643
 9396
 4628
 9763
 2919
   35
  578
 1145
 8511
 5678
 2029
 6377
 4910
  391
 2527
 9771
 5043
 7166
 4850
 4665
 9994
 3623
 9240
 2991
 8890
 9686
 5733
 1939
  293
 1495
 6743
 6460
 4334
 2498
  827
 4412
 6661
 5895
 3724
 7683
 6183
 6711
 1098
 5139
 7252
 3588
 2052
 1998
 2890
  224
  798
 4638
 6198
 7730
 5098
 3919
 6030
  937
 1022
 4798
 5751
 7670
 2460
 6130
 5002
 9224
 3406
 3637
 1429
 4956
 8357
 1944
 2038
 9146
 4086
 2188
 6033
 3218
 8516
 4314
 3441
 5794
 4572
 8533
 8216
 5648
 5118
 5205
 9423
 7255
 6820
 8036
 9357
 5909
 5668
 9540
 4926
 7937
 4735
 3371
 2291
  122
 6303
 9548
 8003
 1618
 7306
 7374
 2930
 9033
 2365
 6055
 7114
 4692
 5415
  424
 6603
  876
  608
 2750
  208
 3905
 4841
 7487
 8623
 4408
 3000
  184
 5430
 8263
 5781
 2370
 2379
 2865
 6890
 7405
 2513
 8514
 4642
 7667
 7326
 8098
 1638
 9944
   23
  991
 5171
 1947
 8344
 7162
 7139
 5287
 6098
 9168
 8926
 1498
 8712
 5639
 3241
 2832
 1206
 6044
 6826
 9165
 2676
 7435
  119
 5279
 3170
 6000
 7916
  859
 8204
 4932
 4761
 3943
  688
 1592
 6697
 7019
 1012
 1781
 7880
 5192
 5548
 3897
 7574
 1789
 1026
 2859
 7485
 2766
 2213
 4621
 6678
 8711
 8120
 5543
  654
 4242
 4678
  767
 8929
 8338
 4129
 8565
  621
  134
 2348
 8133
 2271
 3664
 4366
 8243
 6077
 1962
 1266
 8470
 8083
 8693
 9773
 5467
 9245
 9991
 7210
 6981
  979
 7734
 6218
 6991
 5922
 4588
 2313
 3789
 7058
  935
 9623
  755
 5290
 1981
 1626
 4295
 6362
   60
 6972
 8122
 8955
 5209
 9856
 8529
  394
 9900
 6232
  377
 1297
    5
 4136
  982
 5029
 7659
 2300
 1970
 3399
 3670
  435
 7349
 6485
 6243
 2526
 9273
 2294
 1693
 8875
 2175
 8700
 2107
 9228
 1582
 1326
 8091
 7708
  837
 6693
 8821
 2474
 6437
 5068
  385
 7443
  597
 6555
 7517
 9978
 2716
 4134
 9682
 2080
 1829
  567
 8962
 1375
 4239
 9347
 8211
 5659
 6203
 5333
 8566
 5814
 7881
 4448
  556
 6162
  946
 3197
 9912
 3578
 6561
 9691
 5455
 7302
 9513
 6572
  164
 6451
 4056
 9559
  413
 7340
 8493
 3332
 2334
 9881
 5214
 2282
 2691
 7778
 2218
 8469
 3392
 8770
  809
 8981
 5170
 5447
 5021
 4793
 1807
  673
 6518
 4374
 7229
 3561
 1107
 6594
 9400
 1678
 1782
 9962
 9546
 6631
  161
 3840
 2496
 9567
 7098
 7450
 4111
  844
 4962
 8822
 5165
 2222
 6320
 9093
 4042
 9858
 4196
 3103
 6443
 1358
 2743
  464
 2368
  651
 4186
 6175
 6359
 5169
 3102
 8194
 3809
 8497
 6345
 1881
 6133
 4147
 9393
 6337
 9260
 7892
 7013
 5956
 3633
 2439
 3414
 4263
  396
 5771
 4696
 1346
 1747
 5529
 2961
 4099
 2826
 8084
 3973
 9459
 1042
  497
 4178
 4982
 8334
 9988
 7927
 7208
 1000
 7360
 1840
 7296
   27
 6621
 5873
 7664
 6461
 1139
 7054
 4003
 9632
 7765
 9237
 9803
 2911
 9312
 7121
 5835
  523
 7273
 1551
  956
 4594
 7771
 4345
 8845
 2015
 9654
 7321
  828
 4813
  816
 5950
 1096
 1083
 4898
  647
  212
 8369
 9015
 6251
 3074
 8155
 5882
 5230
 8143
 1091
  571
 5631
 7441
 3460
 8439
 1103
 6490
 8464
 8015
 4072
 6564
 8166
 1047
 5664
 8176
 7757
 3794
 4864
 7635
  133
 4426
 7234
 2287
 7624
 1370
 2081
 3210
 2539
 3174
 4321
 5689
 5743
 7083
 6267
 4105
 2736
 4389
 4806
 9194
 8621
 6459
 6351
 3433
 6124
  117
 9519
 8380
 8378
 7977
 8136
 8992
 8107
 1603
 9157
   45
 4509
 1255
 8363
  121
 8622
 8590
 5091
 8866
  931
 5954
 9088
 1665
 2920
 3663
 5695
 2666
 2021
 4537
 2436
 6865
 4325
 6181
 6508
 9793
  858
 4122
 8541
  473
 3387
 9111
  378
 6111
 4119
 5014
  470
 2639
 2264
 6332
 7752
 2855
 7459
 3348
 5953
 1481
 1845
 1397
 8996
 1278
 2887
 2516
 3366
 2093
 1176
 2622
 4244
 6716
 7650
 3314
 2455
 3958
 4440
 1009
 9707
 9694
  570
 9948
 1896
 7323
  412
 3863
 5193
 7080
 3738
 5651
 4351
 4029
 5560
  199
 9857
 3039
 7322
   76
 6254
 2499
 9439
 2808
  914
 9895
 9925
 9572
 9155
 3065
  782
 2176
 3972
 4935
 1792
 7472
 3947
 7780
 1784
 1550
 1179
 2017
 3555
 1569
 6495
 2893
 5905
 9827
 3110
 6334
 1803
 9550
 5122
 8518
 4892
 5856
 9549
 7997
 9833
 8832
 3544
 8646
 2293
 5031
 7599
 3100
 9171
 7335
 5463
 4097
  434
 6090
 2451
 6745
 8512
 2560
 3918
 8690
 5553
 6664
 6400
 2697
  230
 3580
 8571
 2413
 8793
 5350
 1241
 6199
 4955
 7452
 3105
 9908
 5506
 7084
 5239
  739
 5384
 2124
 6043
 4839
 4188
 5382
 5516
 9305
 8869
 1269
 9373
 3127
 2818
 8885
 9295
 5804
 5229
 6519
 9668
 8460
 8282
 5632
 2990
 6094
  624
 1379
 8057
 2913
 1853
 4261
 4532
 3763
 5661
 4143
 9454
 4790
 1175
 6263
 7362
 8242
  589
 7945
 9411
 8040
 4826
 2880
 7827
 5403
 2286
 6858
 4104
 3658
  489
 2992
 1064
 5825
 5620
 7350
  971
 4670
 3394
 2853
  945
 2461
 5328
  643
 9264
 9616
 9987
 5417
 8259
 7407
 8374
 5293
 9685
 3647
 1816
 8016
 6885
 6193
 2536
 5865
 1506
 4602
 2529
 5637
  779
 6781
 3471
 4823
 3998
 8476
 3536
 6265
 8267
 5874
 3396
 4138
 7140
 6487
 9359
 6449
  907
 9760
 6739
 2553
  169
 9329
 2010
 8706
  331
 7618
 4528
 8642
 2507
 7972
 4451
 7380
  771
 1448
 5603
 6962
 3410
 8895
 7823
 7949
 4976
 3084
 3300
 9008
 6959
 9523
 9050
 5493
  110
 5082
 2475
 1525
 3830
 9473
 6299
 6532
 5281
 4837
 2945
  263
 2943
 9404
 4800
 6497
 9164
  612
 3702
  546
 8691
 4417
 4044
 1230
 5204
  565
  826
 1933
 4540
 7686
  734
 8789
 1966
  157
  141
 3092
 2196
 9113
 1719
 1020
 4163
 4040
 8701
 8428
 3499
 9418
 1727
  868
 5511
 4416
 7063
 6922
 5503
 4221
  376
 1390
 5634
 3195
 7243
 2146
 3463
  696
 5707
 6654
 8771
 4912
 4961
 9782
 7662
 5037
 9036
 9116
 4165
 1871
 7615
 6780
  163
 3178
  447
 8974
 6908
 4742
  660
 1850
 4120
 4736
 8190
 1617
 8384
 8124
  698
 1080
 6406
 6653
 7556
 5779
 5317
 9508
 1146
 2816
  895
 8612
  595
 6812
 2586
 5911
 4373
 3924
 3240
 3208
 3838
 4495
 6982
  672
  137
 7851
 7553
 5836
 2632
 4726
 5445
 5157
 6880
 2845
 3261
 7531
 2771
  203
 8076
 9361
 9051
  780
 2661
 8615
 8181
 9972
 3980
 8840
  285
 7392
 6408
 9304
 5544
 8726
 7779
 3344
 5356
 5041
 1985
 8734
 6505
 3032
 9257
 3320
 9797
 2216
 2225
 4407
 4219
 6904
   15
 6704
 9981
 1589
 9397
 5979
  328
 9535
  653
 1885
 7621
 1438
 2066
 6326
   84
 1224
 9231
 2118
 4536
 2712
 1385
 2738
 4859
 9512
 1276
 4908
 9060
  656
 9387
 1964
 3034
 4089
 5813
  553
 4656
 8128
 3085
 1988
 7479
 6602
 1493
 8531
 4459
 8495
 1590
  190
  382
 2979
 7379
  975
 5973
  187
 1489
 4293
 4193
 2900
 2190
 5923
 9681
 9202
  422
 8038
 3986
 6144
 7964
 7569
 4543
 9910
 9334
 9181
 9742
 9043
 5992
 2060
 7227
 5967
  864
 3017
 8762
 3389
 6120
 6696
 4432
 7573
 4710
 8638
  560
 4032
 7790
 6454
 3378
  590
 1061
 7027
 1160
 8481
 5872
 2657
 4711
 3801
 3263
 5256
 5025
 7023
 8457
 7412
 5586
 4030
 8861
 4195
 9866
 4894
 6578
 1751
 5410
 1419
  813
 7266
 9813
 7948
 2863
  432
 5386
 1030
 4944
 5094
 2839
 3417
 7464
 1359
 5223
  736
 4636
 6777
 9325
 1990
 8963
 4530
 2909
 6194
 8025
 4340
 6078
 8140
 9484
 5471
  228
  455
  717
  159
 9621
 5102
  379
 6076
 2916
 1305
 7898
 4902
 9832
 3483
 4035
 6028
 8663
 1802
 3424
 9154
 8045
 6388
 1598
 1452
 7195
 3783
 6474
  439
 5572
 1060
 3318
 3486
 7883
 4950
 7868
 7709
 4930
 2308
 8686
 9934
 8933
 1480
 6440
 2044
 6818
 8395
 6496
 6058
 1755
 9821
 4130
 4015
 4262
 4600
 3256
  631
 6770
 1655
 1868
 2988
 7513
 6240
 7745
 1995
 7692
 6140
 4279
  593
 6382
 9431
 9057
 1076
  622
 8675
 8088
 7532
 8065
 3740
 1320
 2311
 5108
 6717
 8070
 1757
 3044
 6200
 9757
 2183
 9389
 3361
 4054
 4767
 9770
 8931
 1486
 3245
 5851
 4922
 9177
 9277
 6994
 9596
 9054
 4778
 4538
  933
 6669
 2454
 9582
  106
 8435
 1805
 2722
 6699
 4179
 3353
 3405
 2388
 4623
 9510
 8570
 6286
 6095
 2987
 1801
 3528
  604
 6671
 6187
 6966
 1713
  591
 6264
 3472
 4987
 7950
 3214
  625
 7842
 4489
 7785
 9421
 8081
 5844
  573
 2551
 6041
 1622
 2590
 9210
 5581
  898
 8450
  103
 7504
 3932
  142
 1620
 8001
 6760
 7598
 6413
 8650
 5888
 1867
 3799
 3403
  646
 9712
 5694
 9049
 4005
 4679
 3627
  605
 9457
 4947
 1444
 9570
 7502
  400
 9449
   66
 1036
 9517
  115
 7526
 8581
 2731
 5324
 9190
  603
 6640
 9875
  433
 1431
 5257
  840
 3772
 3277
 9465
 2655
 3019
 1271
 1528
 6541
 9403
 4381
 3042
 8943
 8210
 6035
 4238
  794
 1901
 9977
 7860
 2795
 6225
 5677
 4626
 5776
 7584
 2358
 8619
 9985
 5826
 3734
 6192
 6392
  579
 7903
  897
 3989
 2257
 7393
 2238
 1968
 8610
 4050
 1704
 5278
 7066
 6444
 9485
  277
 7543
  926
 1299
 9635
 2759
 6100
  355
 9044
  539
 8403
 3196
 8381
 9628
 7312
 9676
 2646
 3759
 3106
 3829
 1725
 8548
 4270
  317
 1005
 3760
  275
 4128
 3124
 6944
 7265
 8217
 3728
 4983
 8956
   48
 1101
 2319
 2540
 7655
 1187
 1360
 2004
 2079
 3953
 4805
 7819
 5729
 5292
 1902
 9897
 1007
  820
 4206
 9408
 4606
 9474
 1851
 4471
 9207
 5474
 6903
 9221
 8598
 7947
 8250
 6333
 2614
 2542
 6700
 1069
 8178
 4091
 8170
 9886
 1424
 7293
 6357
 2764
 2607
 6840
 7933
 4591
 7913
  830
 9014
 9711
 2702
   53
 6823
 2025
 3872
 9723
 8175
 4769
 7571
 9845
  729
 6399
 7165
 7630
 4460
 7071
 9701
 1758
 9398
 1048
 2367
 4249
 9887
 8588
 1458
 3011
 9320
 2634
 4021
 3581
 7936
 9208
 3156
 5146
 1593
 9327
 6401
 5663
 2406
 2674
 5133
 1890
 5409
 9941
 4063
 3518
 7183
 9907
 6601
  126
 8995
 4150
 2471
 2419
   46
 2592
 1707
  775
 9577
 2783
 8139
 2138
 5449
 6701
 8911
 5705
 5719
 2918
 4177
 6813
 7529
 5378
 3978
 4599
 6715
 2236
 1296
 3200
 2043
 6428
 2106
 7804
 1065
 3774
 7156
  730
 6438
 1301
 8023
 6970
 6638
 6596
 6720
 8189
 9560
 3390
 3287
 2076
 8837
 7471
  764
 6355
 1979
 7906
 7606
 6985
 3726
  559
 1957
 5063
  609
  774
 8420
 1534
 1724
 3141
  344
 3568
  502
 6799
  678
 5479
 5600
 7070
 5085
 3095
 5758
  467
 2221
 3673
 1822
 2354
 6313
 5653
 2292
 7793
 3333
 1786
 1197
  745
 7703
 8218
 9840
 8941
 7050
 8087
 3045
  670
 2035
 5393
 5134
 5561
 7042
  976
 6481
 5372
 2304
 1050
 1836
 6025
 5210
 8616
 7899
 5580
 2790
 7744
   51
 3816
 3030
 6767
 3906
 1343
 1051
 1292
 4808
 1306
 8401
 8164
 7366
 9860
 6828
 4830
 8915
 2091
 2571
  318
 2923
 3437
  961
 4232
 8913
 2664
 9024
  638
 9203
  132
 3952
 4828
 1699
 2113
 4699
 2026
 3221
 4324
 6202
 7051
  178
  714
 1537
 5045
 9716
 6737
 3631
 1043
 7184
 2231
 3428
 6706
 9598
 5329
 1286
  969
 2791
 2315
 9395
 3036
 5044
 6612
 4041
 6796
 3914
 9920
 5274
 6281
 4463
 4741
 1599
 3267
  495
 8603
  635
 6529
 4753
 7451
 4721
 2131
 4722
 1125
  517
 9761
 3935
 6789
 2833
 4516
 3703
 9697
 4369
 3999
 1917
 3909
 1070
 9134
 8772
 4984
 3014
 5202
 5530
  392
 3922
 4834
 6479
 7317
 5401
 7220
  135
 1074
 4866
 2194
 9541
 5183
  465
 3165
 5614
 3420
 1455
 8157
 2337
 7940
 2341
 3806
 5190
  805
 6608
 5259
 8503
  657
 6694
 6740
 8979
 5300
 9149
 9142
 4170
 6718
 3832
 7562
  165
 6667
 2180
 5696
  811
 6089
 2628
 1604
 9604
 1071
 6724
  490
 2268
 1662
 7402
 2629
 6457
  501
 2705
 4395
 2817
 2384
 4999
 2502
 8578
 1355
 9649
 9386
 2654
 6685
 8560
 7540
 6825
 5747
 1279
 6573
 7567
 2552
 2393
 4348
 2430
 4873
 8289
 3861
  792
 4703
 7690
 3228
 1112
 1240
 7414
 3927
 7546
 5913
 9537
 6861
 1291
 4810
 7719
 1779
 4704
 9072
 5951
 7887
 1886
 1059
 2172
  797
 9536
 6500
 1549
 5969
 7024
 4439
 6493
 9955
 6338
 1959
 2807
 4853
 3117
 9576
 9284
  486
 6690
  530
 8345
 2931
 6801
 2706
 4575
 5791
 6421
 4746
 5182
  702
 3912
 4697
 2084
 5955
 5939
 8775
 5666
 6831
 1553
 7102
 6108
 4770
 5017
 3409
 3026
 1128
 3177
 9252
 2773
 9509
 6036
 4825
 2247
 6615
 9063
 8033
 6472
 6794
 4330
 3548
 9721
 7642
 2908
 6633
 6979
 8705
 8349
 5947
 8364
 3858
 3198
 9251
 8567
 2305
 1432
 5248
 3119
 8052
 3727
  443
 9360
 9498
 2510
  428
 8041
  640
 3481
 8044
 8094
 9698
 3721
 2547
 3686
  993
 1267
 6798
 8086
 3880
 4317
 9220
 4442
 8768
 1186
 3099
  607
 8658
  100
 3696
 2965
  386
 9718
 9120
 2387
 6552
 4233
 3058
 4918
 7491
 6307
 5140
 4008
 6764
 6346
 5780
 2907
 5074
 1488
 1492
 9381
 7577
 9805
  602
 7246
 2785
 3111
 5732
 6916
 8891
 9301
 6568
 2801
 6598
 4365
 6577
 1268
 1211
 1189
  930
 3815
 2191
 5069
 2898
 7890
 2616
 1689
 6945
 5904
 5008
 9344
 8208
 8339
   11
  509
 4251
 3459
 6926
 2872
 5981
 8759
 3827
 2723
 3329
 8554
 2509
 5858
 7152
 3527
 6390
 9104
 7968
 4212
 8782
 6784
 4915
 9936
 5106
 9873
 8032
 5674
  401
  120
 3762
 9899
 3474
 5542
 4653
 4872
  136
 1616
 6842
 6911
 6016
 5769
 3805
 8255
 5149
 9715
 1151
 1354
   32
 1519
 9864
 6571
 5906
 6205
 8947
 8474
 8984
 2910
  750
 5918
 6776
 6321
 9212
 6258
 6099
 7465
  596
 9009
 1045
 1991
 2364
 9489
 8940
  613
 7909
 4228
 6821
 5213
 1958
 9338
 1567
 2071
 8838
 4693
 1765
 3931
 3748
 7786
  786
 8455
  852
 9906
 7841
 2298
 2260
 7275
 6013
 4088
 1408
 4425
 9547
  112
 9630
 8099
 6363
 3693
 4789
 6884
 3404
 4455
 2678
 2969
  905
 9767
 5885
 5870
  335
  580
 8048
 1446
 3262
 9255
 4829
 4585
 3109
 8620
 6106
 7882
 4672
 5701
 3837
 5624
 6038
 5720
 3891
 8564
 6311
 6248
 6591
 6141
 8010
 1049
 3642
 2185
 3554
 3862
 1843
 1570
 2576
 1435
 3667
 1016
 5163
 7965
   67
 4592
 7685
 1601
 9148
 5349
   94
  708
 5347
 3031
 7878
 4562
 6698
 3401
 7319
 6647
 6899
 7512
 2330
 2069
  300
  992
 1416
 5496
 4842
 1656
 8756
 4762
 7586
 8402
 6245
 7983
 1143
  955
 9110
 1223
 7301
 3742
 6300
  987
 1261
 2333
  274
 3600
 3511
 6029
 1919
 7755
 5007
 3169
 5283
 5669
 5468
 8877
 2064
 5555
 3288
 1004
 9775
 9713
 3258
 8692
 3875
 3540
 9040
 8304
 1459
 4639
 9310
 5373
 7674
   83
 3610
 6149
 5638
 7809
 8508
 8677
  582
 1915
 7978
 3220
 7982
 6723
 5048
 6609
 6910
  240
 8329
 3313
 6793
 3937
 5459
 1920
 2440
 1929
 9480
 4046
 1657
 7090
 4535
 5802
 8434
 8738
 3388
 8809
 5199
 9223
 2468
 2960
 7346
 5884
 1804
 2480
 8746
 3001
 4154
 1961
    6
 8907
 3583
 8372
 6323
 3319
 4831
 3243
 3899
 4786
 4609
 4981
  314
 6822
 5052
 7190
 4096
 8283
  111
  462
  833
 6772
 3930
 4688
 5892
 5864
 1238
 4498
 4218
 1121
 1633
 8694
 5518
 4814
 7775
 2162
 3975
 1797
 3183
 5948
 6027
 9714
 6434
 3248
 7990
 2011
 2725
 5250
  823
 8085
 4576
 1068
 7960
 2374
 8510
 5889
 6913
 5552
 7578
 9127
    7
 5770
 3653
 5353
 5847
 2463
 5942
 4289
 8727
 1746
 8024
 4023
 7478
 3489
 7698
 6126
 6871
 6046
 8960
  999
 1252
 6458
 8880
 7300
 1872
 1440
 7766
 7041
 6883
  389
 9554
 6779
  742
 6974
 7521
 7957
 1921
 1647
 3961
 9961
 4465
 3567
 1142
 3767
 9904
 5670
 6949
 7159
 6729
 2181
 4757
 2139
  458
 7838
 5777
 3773
 4682
 3041
 2704
 5757
 9655
  957
 4964
 1373
 2267
 8415
 4787
 1109
 3283
 3513
 5179
 6963
 8547
 4891
 4990
 4230
 6441
 3107
 6768
 8202
 3666
 7113
 8306
 1100
 6061
 7501
 4802
 6364
 5336
 6620
 6393
 9412
 5658
 7420
 2901
 9918
 7413
  894
 5746
 1870
 1190
 3312
 4106
 9837
 4404
 2208
 9829
 8142
 7645
 1887
 8022
 9447
 3368
 5647
 5376
  421
 3325
 4062
 7410
 8936
 8234
 1989
 9123
 6536
 4271
 7776
 5452
 9947
 7856
 8744
 9663
 7141
 2425
 2948
 1684
 2316
 4667
 7767
 1302
 9584
 5016
 4895
  980
 7429
 2239
 2713
 8222
 8608
 2385
 8007
  704
 8161
  550
 1904
 1437
 9299
    1
  211
 9903
 8126
 4077
 3963
 7277
  281
  445
 9099
 5843
  778
 3506
 1308
  548
 9563
 5643
 6675
 7706
 3090
  694
 2411
 9732
 1216
 9998
 4028
 1073
 3155
 4505
 6385
 2755
 3843
  627
 2414
 1002
 5545
 8409
 6492
 5321
 4815
 2813
 6237
 6167
 8749
 1258
 8808
 2493
  679
 5315
 5159
 4175
  340
 6672
 1409
 8695
 5834
  204
 6049
 9688
 4203
 7105
 1761
 6287
 8805
 7448
 1313
 1899
 2504
 6934
 6595
 2944
 3071
 8569
 1674
 7333
 1536
 5860
 3225
 6420
  406
 9242
 9830
 8796
  454
  217
 9692
 7876
 8168
  842
 4836
 9075
 8313
 4422
 2806
 5047
 3244
 4500
 6315
 8221
  170
 9979
 1629
 5268
 2339
  453
 8212
 8800
 4109
  847
 1584
 5526
 4027
 3556
 2303
  363
 2550
 9499
 1497
   41
 6730
 6416
 4730
 7619
  912
 3820
 5731
 9743
 2399
  415
 4240
 1875
 2687
 4309
  245
 8753
 4475
  201
 3479
 3957
 9914
 8477
 8881
 1889
 5839
 6960
 5852
 1879
 2600
 4953
 8020
 5787
 5389
 2593
 3005
 3933
 6161
 6067
  336
 9828
 3345
 1066
 8928
 3710
 6670
 2756
 1651
 3309
 1863
 4171
 1152
 5790
 1650
 3150
 7365
 4435
 5756
 8407
  707
 4760
 3204
 8750
 5700
 2434
 6528
 7480
 2459
 4683
 7721
 1783
 4893
  356
 5987
 5562
 1137
 6330
 3823
 2129
 3059
 5226
 5797
 6448
 8251
 6042
 7931
 9201
 7649
 2757
 9640
 7036
 4630
 5212
 6710
 2450
 4398
 7833
 5618
 7563
 5937
  339
 3802
 3523
 5878
 9317
 4673
   81
 7294
 6293
 9709
 4627
 9652
 4938
 8653
 3812
 6136
 8360
 6995
 3015
 6778
 1417
 4949
  620
 1401
 2165
 9629
 5381
 5046
 8953
 1476
 7442
 3466
 1825
 6659
 1188
  282
 7148
 6733
 2922
 9424
 9834
 9989
 3343
 6422
 8352
 8113
 8966
 9505
 2353
 9717
 8400
 7239
 5795
 1778
 3764
 6540
 4578
 2812
 5711
 7629
 4402
 2754
 9859
 5267
 2758
  315
 5020
 4852
 7614
 9187
 4675
  913
 3146
 7226
  372
 2186
 5558
 6151
 1010
 6893
 8818
  266
 2973
 4151
 6788
 9462
 6204
 6763
  630
 7021
 3295
 9867
   86
 7378
 7061
   59
 5919
 2997
  737
 8618
 9772
 8914
 2857
 1749
 3902
 9427
 4998
  942
 2822
 2618
  460
 3744
 3587
 3611
 1682
 9885
 1832
 6795
 7697
 2985
 6314
  155
 2001
 9806
 5853
 7163
 2838
 9209
 1172
 1218
 1649
 1018
  922
 5152
   68
 3029
 5961
 6080
 1955
 4006
 7874
  444
 1980
 8634
 1723
 5786
 8754
 8687
 7096
 2895
 6250
 4533
 2031
 8298
 9590
 4396
  821
 1214
  156
 9848
 5368
 8278
 7783
 5424
  636
   58
 2751
 4920
 7691
 4649
 8696
 6411
 7875
 6791
 2684
 7810
 1581
 6361
 3995
 4587
 7170
 8030
 2134
 7475
 1288
 1363
 6288
 4701
 7942
 7748
 2030
 6104
 5986
 1388
 7737
 6455
 8954
 8430
 9083
 4110
 7695
 1496
 4204
 9615
 7232
 9796
 6941
 1799
 4968
 5680
  683
 6051
 2763
 5325
 7705
 8811
 9804
 5360
 7604
   75
 8146
 2733
 1337
   85
 9728
 4527
 8807
 9932
 7572
   55
 6241
 4577
 3316
 4117
 1907
 6358
 5710
 8870
 4903
 3525
 5127
   92
 9328
 2867
 2467
 3712
 8377
 5418
 1773
  271
 4541
 1372
   18
 6339
 4484
 2789
 1540
 7126
 4519
  968
 4668
 6800
  348
 3274
 4433
 4719
 8006
 3121
 5550
 5352
 3756
 9434
 7086
 5901
 3337
 6065
 1520
 2694
 5394
 6405
 6271
 2949
 5422
 4493
 1806
 2040
  325
 9495
 4472
 1669
 9571
  713
 8316
 8496
 7196
 2125
  943
 3086
 8373
 8713
  984
 3595
 3788
 5862
 8408
 2862
 5990
 5784
 8546
 2073
 3133
 3264
 9990
 6996
 3635
 6223
 6652
 5936
 8392
 8792
 5675
 3529
 6010
  525
 4482
 1253
 2621
  901
 1855
  442
 4496
 4457
 5272
 5454
 3754
 5763
 7554
 5886
 1692
 1389
 6427
 8574
 6625
 8528
 2166
 7422
 6001
 3480
 5563
 3711
 8833
 7596
 7749
  365
 2914
 6127
 8986
 4933
 3608
 7811
 2707
 5617
 3227
 5665
 8097
 4875
  173
 5284
 9085
 5489
 4113
 8290
  810
 5759
 7568
 4820
 8473
 5629
 6122
 7579
 3021
 5464
 6404
 9801
 6843
  564
 3429
 1106
 6024
 1200
   54
   87
 9574
  341
  287
  370
  715
 2521
 6423
 8704
 9928
 9249
 4123
 5154
 8197
 8785
   22
 7117
 9035
 9898
 1384
 8325
 4985
 7373
 2437
 4979
 4083
 5143
  710
  803
 2665
 6987
 6902
 7510
 4272
 7381
  265
 3168
 7375
 3310
 9809
 1426
 7570
 2423
 1307
 9748
 9444
 7049
 6292
 9553
  839
 5411
 9352
 9084
 2126
 4958
 3602
  270
 4888
 2851
 3677
 8348
 9521
 3698
 1752
 2508
 2963
 2065
 7453
   96
 2061
  981
 2701
 7946
 7037
   10
 1583
 6964
  584
 6154
 6827
 9869
 6088
 3493
 9183
 5838
  259
 3944
 6734
 8193
 1381
 9073
 2747
 2371
  536
 5557
 4624
 9968
 8798
 1544
 8498
 9392
 7818
 5712
 7564
 3503
 1228
  151
 1222
 8544
 6432
 4368
 5027
 5523
 8188
 5012
 6735
 6771
  989
 5359
  510
 2307
 6017
 7835
 9766
 9016
 6261
 5891
  645
 2942
 8233
 8852
  682
 2690
 2557
 5345
 9453
  519
 1352
 3732
 1353
 5158
 8368
 3857
 1014
 2375
  188
   97
 7397
 4241
 6174
 6515
 9077
 1485
 8123
 2105
 3895
 1494
 6567
 5974
 2039
  908
 3679
 1586
 6650
 8916
 6138
 8150
 8788
 9191
 2503
 7651
  500
 5126
 8930
 3060
 3490
 6592
 9625
 5820
 2700
 2955
 8034
 2623
 8327
 9890
  706
 1579
 6478
 3846
 4216
 1229
 5893
 8419
 3271
 2671
 3094
 8459
 8203
 7576
  863
 5277
 2854
 5512
  514
 9267
 5877
 9196
 3408
 4889
 8823
 9657
 2472
 7963
 4969
 5541
 7297
 8441
 5867
 7258
  691
 1348
 5195
 7006
  562
 9671
 3877
 4835
 7523
 1992
 7338
 7891
  456
 1162
 7447
 9612
 9946
 5308
 7678
 4629
 9810
 1418
 4854
 1333
 2662
 5859
 4720
 9500
 6374
 2609
 5218
 5575
 9141
 1956
 7924
 8319
 9950
 7973
 4768
 8592
 8902
 4017
 4691
 9905
 9647
 4452
 1406
 4210
 4488
 2742
 6663
 8225
 7872
 1221
  932
 6498
 1996
 9785
 4952
  733
 5439
 9953
 1809
 1503
 6103
 8292
 2778
 4010
 9651
 7337
 4945
 1441
 2650
 7067
   91
 8799
 1906
 9446
 5671
  685
 6380
 7276
 8515
 6114
 9179
  973
 5854
 9023
 6933
 4406
 3900
 2342
 5652
 5818
 9778
 2377
  323
 6542
 7174
 9003
 4011
 6752
 4282
 9236
 9004
 3831
 4614
 3982
 2028
 1219
 1971
 8431
  429
 2407
 7053
 2318
 4153
 5371
 1275
 8037
 6512
  440
 3646
 6956
 5414
 2904
 4801
 6370
  322
  948
 4819
 1573
 1395
 1245
 5578
 6923
 5089
 2097
 3398
 6651
 5436
 1124
 6235
   44
 7270
 8676
  918
 1552
 1325
 2891
  362
 5623
 8397
 8874
 8105
 8354
 2310
 4674
 8026
 5312
 1430
 2262
 8834
 2160
 4857
 9471
 7542
 1918
 9501
 5622
 2189
 2427
 9846
 3128
 5896
 2636
 7009
 4934
 8442
 9889
 7536
 9402
 4329
 3180
 5487
 3558
 4038
 2734
 6057
 5912
 9490
 9937
 4362
 9492
 8437
 6882
 6807
 2585
   25
 9259
 7761
 1568
 6483
 5515
 5028
 2815
 7687
 1345
 6606
 3495
 3954
 2261
 2114
 4929
 8152
 9417
 3844
 2494
 9102
 2123
 8617
 1434
 1760
 5744
 1736
 1742
 9727
 1999
 5571
 3898
 1891
 8630
 9039
 9783
 6504
 7746
 6709
 7763
 7431
 6947
 1975
 3217
 5153
 8162
 8557
 9464
 7404
 3373
 3822
 1523
 7825
 6829
 5289
 9639
 1977
 9180
 4971
 7076
 6809
  934
 8265
 4031
 1510
 2217
 9029
  361
 3465
 2416
 3028
 2465
 7605
 3412
 6224
 4162
  172
 8732
 4634
 9078
 4342
 3226
 2915
 3367
 8172
 2068
 6352
 7015
 1794
 6751
 7996
  743
 8912
 3590
 9218
 2273
 2888
  129
 6942
 6191
  233
 9470
 4085
 5380
  327
 2999
 1795
 9613
  374
 4405
 4387
 2058
 3591
 1605
 1470
 8075
 7483
 6268
 9129
 2469
 5566
 9167
 7242
 4503
 6185
  488
 1866
 9130
  796
 8232
 3148
 2762
 2512
 9784
 8977
 8141
 4507
 8910
 3699
 4595
 9178
 7974
 7812
  397
 5387
 1487
 7390
 1407
  904
 9764
 1423
  762
  615
 2708
 7272
 6520
 2575
 7826
 9115
 8491
 2591
 5141
 2885
 4744
 4458
 2063
 9975
 1750
 3654
 9293
 9646
 6069
  206
 9726
 7840
 1316
 8795
 4863
  244
 3769
 5355
 5810
 6984
 7409
 6713
 6616
 2453
  518
 2115
 7565
 1941
 7327
 7834
 4965
 5282
 1374
 9923
 4749
 5983
 6559
 9066
 2753
  870
 8252
 6955
 6442
 6936
 9689
 1367
 6163
 4205
 9880
 8356
  988
  321
  614
 7482
  723
 9318
 7522
 7989
 7647
 4061
 6773
 4047
 9046
 5965
 1810
 3201
 9158
 8989
 8579
  383
 7992
 3376
 2835
 8599
 4501
 1767
 3236
 6369
 4518
 2746
   90
 6980
 5334
 6212
 2086
 2325
 9140
 4268
 3416
 9294
  724
 8682
 4080
 2090
   47
  269
  697
 8467
 9006
 7151
 7295
 1474
 1666
 8835
 4388
 2320
 3640
 3342
 8416
  279
 2968
  390
 7055
 7941
 1227
 7135
   33
 8249
 8702
 8245
 1380
 2802
 4305
 4229
 8742
 2980
 3007
 9568
 6011
 9094
 6876
 9564
 6921
  280
 1815
 6087
  441
 8899
 4506
 7347
 8906
 6072
 6545
 6637
 8551
 1295
 6866
  262
  468
 4633
 4069
 4187
  516
  177
 5611
 1035
 9135
 9307
 7417
 5952
  769
 8336
 6340
 8482
 6476
 9781
 8903
 4466
 4434
  446
  867
 2856
 5369
  788
  407
 8525
 3761
 1548
 2929
 4997
 7718
  960
 6110
 7175
 1686
  869
 9222
 8471
 5233
 4363
 8871
  766
 9526
 3024
 9278
 7011
 2485
 3786
 4209
 5443
 2302
  892
 7074
 6684
 6835
 6918
 6290
 4560
 4978
 4791
 8593
 3275
 1613
 5824
 7889
 8422
   88
  114
 5742
 8884
 8600
 5015
 8049
  675
 1793
  783
 5595
 5092
 8878
 9379
 6668
 6833
 3356
 2505
 5816
 1225
 9595
 5585
 1588
 5793
 9637
 6037
 5761
 6253
 7194
 1132
 7028
 7707
 4878
 5540
 3695
 1400
 2693
 6537
 7787
 8389
 2482
 9159
 4102
 3848
 7145
 4421
 4766
 9382
 1178
 7894
 7073
 3746
 9100
 1329
 2982
 4390
  198
  405
 2520
 1321
 2492
 1914
 5249
  338
 6719
 1764
 5125
 7682
  306
 3279
 2649
 5261
 8849
 7348
 3131
 8883
 8312
 1597
 3438
 1591
 6196
 3768
  463
 2458
 4993
  784
 2805
 3453
 3594
 9884
 7043
 9527
  138
 1422
 1336
 2100
 9638
 9027
 6116
 9768
 5477
  575
 4382
   95
 9372
 2699
 3792
 6811
 1501
 4497
 1236
 8260
 2495
  175
 8766
 7460
 1319
 4542
 9152
 1412
 7758
 2798
 3574
  101
 2879
 2933
 6277
 5251
 6946
 6765
 1469
 8655
 1639
 1208
 1265
 3347
 9786
 4070
 8359
  906
 6064
 3684
 4554
 4539
 5405
 3066
 6688
 6403
  843
 8703
 7640
 6128
 9817
 3027
 2511
 4358
 9957
 7396
  879
 7551
 1927
 4714
 7177
 4937
 4327
 5151
 1691
 9687
 4231
 2679
 8490
 4166
 4604
 3533
   28
 3322
 3159
 4081
 6948
 4132
 3430
 2000
 7884
 9106
 9683
 4680
 9122
 1676
 6563
 3082
 7900
  140
 1739
 8776
 8758
  316
 1826
  891
  748
 1625
   39
 1028
 3708
 1518
 2769
 3187
 5050
  873
 6008
 2732
 5940
 9967
 7186
 9960
 2128
 7566
 9514
 8031
 5525
 2446
 3582
   99
 8720
 5519
 9518
 5364
 5754
 3054
 3487
 6932
 3101
 2772
 6666
 7991
 9853
 6419
 1087
 2617
 1869
 6673
 5708
  205
  619
 8520
 9736
 8302
 9799
 3682
 2103
 6550
 1973
 4727
 1614
 1543
 2881
 3557
 2625
 8731
 2037
 5237
 6147
 1164
 8786
 4716
 3628
 5740
 3467
  189
  192
 6026
 5590
 9103
  243
 4612
 5022
 5662
 1529
 9268
 6216
 2149
 2094
 9609
 6062
 4556
 7395
 5773
 4036
 1668
 8648
 9121
 3076
 2041
 8426
 3537
 3419
 8183
 1717
 7376
 6295
 6967
 9283
 7993
 7261
 1490
 6990
 3153
 9143
 2941
 7488
 5764
 8315
 1705
 4616
 3780
   30
 9997
  284
 1396
 2456
 2389
 5438
 5232
 8688
 6914
 3047
 5536
 3539
 4001
 9892
 8118
 8424
 2644
   12
 8080
 8802
  566
 5451
 6189
 6425
 5392
 1608
 9741
 2408
 3694
 2197
  238
 8949
 5030
 1256
 7249
 7218
 8975
 4865
 2928
 9916
 7032
 2940
  865
 7637
 8454
 8323
 6856
 4145
 5703
 3981
 4785
 9198
 7359
 7185
 5090
  924
 6435
 1023
 1685
 1602
 3381
 9370
 2251
 6467
 3800
 8116
 9475
 5488
 8752
 8841
 6570
 4748
 9699
 2206
 9516
 6375
 4521
 2554
 9216
 5796
 5915
 3970
 8106
 2121
 4226
 6814
 7696
 1289
  174
 2394
 8519
 3077
 2831
 1392
 8355
  572
 9363
 3145
 5528
  256
 6304
 3853
 9227
  298
 2843
 5428
 7189
 8235
 9634
 4322
 4250
 8886
 7988
 2619
 5304
 8051
 9062
 1136
 7250
 2295
 6869
 3010
  951
 2530
 1664
 2667
 3308
 6085
 9973
 2645
 3053
 1834
 7544
 6989
 1113
 6742
  996
  725
 5749
 4698
 8417
 3946
 6937
 7180
 2256
 9680
 6306
  543
 6424
 7620
 9983
 8683
 6410
 5137
 8180
 9076
  959
 7660
  557
  154
  693
 2983
 8499
 5782
 4333
   82
 7256
 8591
   80
 7728
 6977
 6131
 4380
 7111
 4257
 7631
 9332
 5096
 1882
 2144
 5191
 3072
 8264
 4384
 4213
 4555
 8192
 9703
  308
 2565
 8144
 1517
 3328
 2589
 3824
 5925
 6516
  754
 6909
  449
  426
 3079
 4847
 8867
 5866
 1322
 3776
 6211
 4923
 4359
 4882
 9345
 1280
 5646
 2178
 3655
 7288
 7716
  474
 3108
 4480
 7283
  939
 4564
 2418
 4025
 2014
  849
 8961
 3251
 3907
 9847
 9478
 2957
 5198
 9996
 4887
  884
 5110
 5026
 6201
 8851
 7408
 2974
 6844
  853
 9229
 9461
 6178
 3083
 9265
 7048
 3185
 4558
 5510
  471
 8330
 1324
 1710
 2321
 8068
 6660
 8196
 5128
 8666
 8492
 4651
 6847
 3519
 8293
 4611
 1698
 4052
 8972
 9624
 4660
 1740
 8879
 5916
 4988
 4225
  145
 2156
 9545
 5309
 7773
 8301
 5502
 9337
 9175
 5933
 4454
 7439
 3338
 6894
  393
 2917
  131
 8331
 2281
 3596
 1282
 9388
 2255
 2860
 4970
 4383
 3599
 8501
 3331
 3867
 8096
 2719
 5830
 7481
 1663
 1167
 1317
 8997
 8147
 6721
 5772
 9340
  451
 5505
 6302
 7711
 1310
 2491
 7389
 5264
 1157
 2417
 3892
 2811
 4941
 3692
 4774
 1754
 5103
 8500
 9966
 9472
 7548
 7129
 7047
 8418
 4663
 8427
 2523
 8606
 6494
 1733
 3866
 7587
 3717
 1318
 4068
 5379
 5535
  478
 8198
 1564
 6610
 9188
 3584
 3303
 4512
 8774
 2263
 7998
 4043
 5064
  994
 4022
 4319
 9437
 9313
 5627
 6229
  342
 3135
  313
 1147
 9777
  200
 1952
 1898
 3563
 3976
 5313
 7855
 4598
 3068
 9184
 6705
 7045
  841
 3825
  964
 6329
 3636
 8246
 4169
 7908
 6887
 9287
 2352
 1611
 3624
 3294
 5478
 3339
 7668
 5184
 2062
 8631
 7367
  216
  367
 2626
 1198
 7848
 8522
 8854
  459
 2594
  781
  185
 3964
 7343
  236
 3617
 6802
 1194
 9863
 7519
 7430
 3597
 2083
 8224
 1878
 9774
 9617
  182
 5362
 3172
 6047
 4323
 3132
 9622
 1972
 8268
 8934
 1273
 8309
 1259
 7462
 5596
 8839
  358
 6511
 1726
 9995
  735
 7468
  301
 7254
 8184
 5201
 6233
 4223
 1950
 1457
 3966
 2478
 3292
 6227
 5116
 3656
 5935
 2926
 7583
 3796
 7555
 5370
 4751
 3569
 3473
 4315
 6557
 7383
 5253
 8905
 7612
 9909
  799
 7873
 3476
 8047
 4410
 5115
 5750
  617
 1327
 2958
 3887
 9664
 7981
 8999
 8274
 5682
 7684
 9930
 6002
 3346
 3051
 7914
 8921
  146
 1924
 3057
 4510
 3916
 8778
 4881
 8191
 5348
 3139
  505
 4076
 9394
 8269
 2998
  168
 5957
 4957
 3115
 9429
 4018
 5483
 6907
 4121
 9737
 1741
 3904
 4980
 5177
 2878
 8458
 1559
 7626
 7173
 6129
 6521
 9331
 6113
 5660
 8014
 2739
10000
 5968
 2562
 6023
 9406
 1447
 1516
 7212
 2524
 5728
  680
 4765
  144
 6137
 5311
 9579
 4370
 2048
 1509
  196
 6879
 3675
 4596
 4625
 5517
 9684
 3777
 4236
 7440
 1948
 6524
  409
 8717
 7893
 9818
 3512
 6247
 2528
 3549
 7862
   78
 1587
 4666
 5260
 8079
 2630
 5495
 4350
 2615
 3129
 2444
 1056
 4868
 5426
 8864
 6900
 8466
 7002
 9282
  533
 8945
 6957
 6117
 9544
 2169
 9108
 5330
 5949
 7353
 9090
 6006
 7966
  544
 7560
 5997
 7602
 6891
 9488
 7717
 8443
 3009
 3956
 8063
 7859
 5490
 3535
 2445
  549
 6226
 6998
 3731
 2883
 5009
 9532
 7926
 6674
 3447
 2404
 2612
 5262
 5255
 2338
 2120
 8847
 3659
 2787
  588
  701
 7146
 1677
 5619
 8173
 3350
 9247
 4067
 1001
 3142
 3475
 4192
 2130
   31
 9531
 8000
 3093
 7427
 6756
 5338
 3901
 4420
 3787
 8092
 7458
 6463
 9364
 8311
 2112
  629
 9025
 7128
 9174
 5005
 2967
 8440
 5107
 7817
 3087
 8659
 4371
 4783
 8873
 6256
 3184
 4907
 7339
 7094
 8609
  856
 1654
 8657
 2224
 3977
 6531
 9964
 2692
 7211
 2892
 5642
 6186
 7446
 6943
 8904
 5049
  669
 2412
 7759
 3598
 2962
 9690
 2538
  599
 8813
 9002
 3364
 4343
 3069
  649
 4833
 7305
 9309
 4477
 9086
 8322
 3697
 8674
 1428
  692
 3586
 6231
 7617
 6622
 6896
 4867
 3246
 6499
 3936
 8286
 4568
 6195
 7847
 1576
 5238
 8605
 8127
  210
 1632
 1118
 9708
  583
 1535
 9460
 1097
 8602
 5938
 8689
 1946
 2145
 2579
 3341
 9012
 3056
 2132
 3138
 3618
 5887
 1531
 4809
 6915
 3223
 4243
 8668
 9802
  353
  368
 7959
 1923
 6748
 1464
 5222
 5920
 2925
 9710
 8201
 5057
  360
 7700
 6172
 5302
 4827
 7433
 4557
 7007
 1892
 7750
 7915
 8238
 1180
 7628
 3202
 6917
 1637
 5684
 1574
 7354
 4586
 8757
 7334
 8465
 8736
 3269
 2314
 3386
  366
 4470
 5077
 7167
 3436
 1813
 4198
 2780
 2245
  258
 1117
 7137
 7020
 1158
 7289
 9552
 1371
 8341
 3013
 9491
 8494
 2163
 7801
 8625
   93
 5036
 5419
 5399
 3265
 9819
 3336
 1788
 5231
 3478
 3046
 2237
 4160
 6689
 9443
 8050
 5654
 3638
  928
 8942
 9666
  921
 6837
 1019
 8652
 6118
 8611
 5080
 1095
 4356
 3022
 1893
 2395
 3485
 8230
 7082
 1138
 9959
 4415
 4300
 6012
  109
 2192
 4341
 9733
  681
  911
 2861
 6018
 1427
 5354
 5006
 5065
 5723
 3151
 5579
 1777
 6171
  171
 3278
 9037
 2601
 6558
 6629
 5097
 4467
 5408
 4473
 2894
 8137
  665
 8119
 2563
 1835
 6371
 5890
 6322
 8382
 9410
 4214
  276
 7099
 6184
 2993
  718
 9314
 3298
 4925
 9913
 7369
 7743
 8524
 2638
 7387
 3657
 8399
 3219
 7200
 9980
 4131
 4597
 1213
 4773
 8507
 1844
 3501
 7911
 1130
 5984
 9901
 4669
 1350
   74
 1078
 5706
 1235
 6079
 5907
 3112
 4511
 5721
 5109
 9648
 9065
 5902
 9213
 6228
  716
 1055
 7331
 2686
 7216
  324
 4717
 4848
 6513
 1566
 7370
 4647
 6132
 3413
 1560
 6135
 9440
 3516
 4114
 7943
  902
 3484
 5266
 3081
 2786
 9172
 7895
 9826
 8959
 1462
 9882
 4553
 9250
 3505
 6125
 8716
 9335
 9466
  388
  919
 8635
 4217
 6639
 9422
  438
 3886
 1737
 4728
  795
 2127
 7636
 4344
 8820
 4567
 2116
 8475
 8405
 6319
 3311
 2056
 3038
 5120
 7130
 4643
 3064
 4438
 6482
 3149
 8109
  950
 2954
 2683
 9019
 9836
 2204
 6790
 4845
 4284
 9729
  364
 8390
 9745
 3925
 6925
 7905
 5168
 3615
 4024
 3959
 7401
 4020
 5457
 5908
 9580
 8552
 5303
  503
 6073
 8597
 2902
 5883
 5460
 1690
 1974
 7221
 4312
 2844
  369
  496
 6045
 6166
 6761
 5481
 5156
 9315
 9452
 6928
 2484
 2936
 7815
 1511
 8054
 5018
 4794
 5307
 4492
 9160
 9919
 6177
 9378
 7547
 7953
 3813
 9354
 9419
 7714
 3716
 7031
 1129
 5673
 4007
 8182
 7318
  252
 5831
 4141
 9555
 1635
 7038
 4733
 6384
 7789
 7648
 4545
 3797
 9300
 1823
 3810
 8056
 3052
 9756
 2095
 1811
 1072
 1883
 9542
 1134
  343
 9588
 1580
 2182
 6208
 4951
 5577
 4164
 7999
 1937
 4361
 9762
 9438
 5593
 7003
 8577
 9096
 5520
 9515
  674
 8920
 4508
 5215
 9137
 4092
  727
 2012
 8673
 1365
 6092
 4066
 6395
 9543
 1967
 3407
 9738
 3962
 2681
 8055
 4706
 4247
 1596
 3215
 8035
 6954
 9931
 5061
 8645
 2277
 3033
 7802
 2709
  167
 1077
 2927
 4880
 9503
 3354
 4844
 4450
 8340
 5576
 3951
  658
 1204
 5111
 3974
 2768
  686
 4393
 4807
 8728
 4101
 6878
 6206
 1636
 6951
 2935
 2331
 8819
  848
  705
 4302
 8901
 3881
 6139
 1877
  296
 3749
 1315
 5842
 4367
 3209
 6556
  925
 4468
 9855
 7632
 5310
 5601
 6429
  221
 2223
 1349
 1672
 3552
 2383
 2850
  215
 2582
 9700
 7286
 5131
 2219
 5314
 1776
 9336
 8773
 3080
 2289
 1361
 7164
 2675
 7731
 9217
   89
 7805
 4860
 3997
 8971
 4155
   65
 2278
 9814
 3273
 5093
 7282
 6074
 5058
 8206
 9270
 8488
 6209
 3158
 4297
 1507
 4431
 6294
 2698
 1721
 2276
 7357
  197
 3592
 1357
 6418
 6836
 6275
 5692
 7088
 7537
 3268
 4376
 5871
 3604
 2340
 9147
 5472
 5996
 9274
 1748
 2996
 8831
 5964
 9271
 6683
 7233
 8484
 3577
 6702
 9342
 3440
  104
 7738
 6997
 7751
 6634
 5504
 9112
 8388
 8131
 2372
 4338
 3205
 8517
 3842
 4531
 5385
 5224
 2345
  947
 2543
  721
 4259
 2019
  611
 1643
 9891
 4391
 9193
 1413
 8387
 9556
 6728
 9956
 2932
 3890
 2002
 7269
 8404
 5963
 8281
  616
 8160
 1623
 2852
 7928
 3917
 5805
 3500
 7052
 8656
 6341
  299
 5148
 8468
 8414
 9197
 6731
 4094
 6053
 6560
 3885
 2688
 6210
 4194
 7091
 4306
 1368
 3785
 8262
 7575
 6391
 1475
 1044
 2821
 9659
 7735
 1123
 8739
 5434
 9101
  676
 5079
 8680
 6021
   56
 9594
 8485
 5441
 3372
 4135
 4782
 2179
 5245
 8667
 7955
 3391
  626
 8780
 8855
 1848
 3729
 3847
 5748
  483
 1612
 7110
 4075
 4661
 6112
 4316
 4712
 3304
 5305
 2866
 9107
 1515
 2695
 6986
 1561
 9232
 7244
 5587
 2796
 4234
 6736
 2143
 5142
  655
 9052
 7097
 4972
 7449
 6834
 2710
 3462
 9927
 3375
 2596
 7418
 6614
 9589
 1110
 3817
 6832
  903
 5994
 3616
 8071
  225
 5722
 9477
 2242
 2793
 3705
 4544
 5565
  916
 6775
 3923
 7363
 5685
 2823
 9758
 2774
 3520
 8240
 5745
 1119
 1082
 1217
  712
 4429
 5081
 6969
 4676
 7209
 1772
 8539
 9353
 8584
 2193
   16
  297
 6755
 4026
 6447
 2362
 2556
 2441
 9798
 6462
 9436
 4601
  974
 9822
 5934
 7550
 8779
 3680
 4849
 6643
  248
 2836
 1281
 7969
 1700
 2360
  601
 5716
 1828
 6466
 1696
 7187
 7153
 5446
 4016
 5458
 7979
 6365
 9125
 3660
 4318
  359
  414
 3482
  668
 7149
 8919
  815
 4943
  936
 1728
 2246
 9468
 2077
 9724
 4655
 9056
  610
 9022
 7279
 9280
 5735
 6102
 6491
 6239
  289
  877
 7034
 5113
 4335
 1116
 7600
 8100
 7060
 4707
 9316
 7653
 5242
 2573
 1606
 1763
   61
 9653
 3903
 4846
 7934
  998
 2102
 3254
 3161
 6627
 7144
 1234
 5998
 2402
 1546
 8685
 5416
 8299
 4885
 5778
  387
 3206
 4605
  845
 6535
 9079
 4734
 1156
 9493
 9214
 3864
 2884
 8169
 2656
 2274
 8858
 3369
 5522
 4883
 3781
 7601
  896
 8261
  267
 9038
  995
 7281
 2335
  880
 6953
 7292
 3818
 1679
 5599
 6514
 1460
 3678
 1554
 2668
 5123
 4731
 4037
 4182
 2249
 8347
 8386
 3147
 9161
 6509
 9945
 8186
 5176
 5640
 8998
 2959
 9414
 6230
 4490
 5567
  113
 1209
 3601
 2232
 9749
  231
 2227
 5442
 3814
 4474
 7467
 7616
 3040
  373
 1386
   69
 9627
 9642
 3737
 7754
 1862
  751
 4256
 4986
 7178
 3464
 2578
 1849
 3507
 3570
 6344
 3445
 1911
 2841
 4133
 7328
 8613
 5444
 9874
 7005
  893
 5863
 4856
 7680
 9587
 7938
 6022
 4197
 6155
 1688
 5649
 6797
 4258
 1085
 7069
 5400
 3216
 4060
 9765
 2660
 1185
 4246
 8343
 9667
 7590
 3651
 6465
 8558
 7495
 2148
 2849
 2464
 4686
 3878
 2715
  577
 7644
 9754
 6488
 2452
 4694
 6301
 8550
 7474
  351
 4681
 4851
 8537
 4211
 7181
  671
 1830
 3845
 4776
 5829
 3543
 9128
 7214
 1203
 2978
  162
 9976
 4481
 2912
 6054
 7035
 4479
 1820
 5910
 7806
 6584
 2673
 6471
 9458
   98
 1842
  229
 6409
 3199
 7588
 8058
 4589
 4401
 8856
  726
  986
 7725
   40
 3993
 5941
 2283
 8307
 4652
 3188
 3126
 9131
 3162
 2332
 1347
 4014
 1541
 6270
 6169
  661
 8549
 7702
 4266
 7493
 5019
 3573
 8844
 2158
 4260
 2905
 3522
 9319
 2398
 7580
 9384
 8185
  222
  403
 1411
 7454
 1148
  529
 4267
 6486
 6426
 1762
 4462
 6576
 4552
 8069
 4942
  520
 1499
 9451
 2788
 7004
  395
 6298
 3113
 1821
 6086
 9080
 2874
 7558
 3871
 7902
 2537
  223
 3393
  555
 6372
 1092
 4919
  404
 6644
 7012
 7603
 9348
 4619
 1127
 9030
  295
 5971
 9405
 1768
 6973
 7500
 7760
 6331
 1449
 3229
 2244
 6952
 8948
  485
 6276
 6502
 3676
 4298
 2784
 2953
 2595
   57
 4635
 9365
 7515
 7912
 1936
 5427
 9321
 3282
 7132
 2280
 4285
 3443
 5475
 1681
 2396
 6075
  776
 6109
 8889
 9055
 7828
  639
 9432
  218
 3088
 7358
 2265
 3879
 3855
 5616
 6387
 2366
 2306
 9614
 2610
 5206
 6501
 1126
 1033
 1090
 9566
 9298
 4414
  711
 5845
 8257
 3255
 1436
 8715
 7222
 3154
 9952
  508
 6150
 7944
 9339
 6318
 5832
 3865
 7701
 5270
 9017
 9787
 3250
 7561
 1857
 7961
 1837
  436
 9673
 1913
 8310
 5499
 2535
 3620
 8893
 4517
 8151
 5686
 5088
 2457
 7762
 1983
 6722
 4687
 2432
 6506
 5739
 7610
 8472
 7274
 1038
 7557
 8272
 7720
 4637
 9662
 6296
 5076
 7329
 4654
 9442
 5188
 1420
 3140
 5035
 1640
 2864
 5993
 8722
 5084
 9053
 2567
 7191
 7394
 4832
 9730
 5220
 4821
 7016
 2877
 9755
 5929
   34
 6816
 6342
  354
 8158
  209
 6744
 3941
 4336
 9248
 2363
 4349
  592
 1838
 7315
 3411
 7821
 1695
 3070
 2828
  628
 9456
 8226
 6853
 5636
 1149
 4632
 1008
 7506
 7675
 6475
 5136
 7469
 4928
  744
   21
 7663
 3239
 7124
 3504
 2847
 6851
 5546
 6708
 1722
 5383
 7864
 3747
 4977
 9261
 6679
 1542
 7490
 9921
  772
 9696
 9706
 3307
 8637
 7516
 2243
  195
 2564
 2258
 7371
 8351
 9302
 2110
 8375
 3629
 5075
 7237
 2057
 2250
 2829
 9963
 6056
  402
 1934
 4280
  288
 5497
 7107
 1670
 9467
 1775
 8553
 7391
 6741
 9243
 7888
 2230
 1215
 7844
 6368
 2344
 8478
 9369
 5972
  257
 2479
 6782
 7863
 6373
 2296
 6219
 7704
  123
  472
 1181
 2800
 1953
 3334
 9894
 1184
 1963
 2046
 9239
 1191
 5774
 1790
 9507
 1351
 7120
 6019
 6305
 6992
 9362
 9244
 8039
 4966
  332
 5138
 9823
 5693
 2745
 7877
 8939
 2744
  504
  819
 7313
 7287
 3607
 5078
 2168
 1916
 5946
 4167
 2409
 5767
 8918
 7351
 3757
 8280
 6353
 8271
 6548
 5608
 4777
  862
 5331
 3238
 9323
 5203
 2842
 3050
 9483
 2947
 5286
 8273
 9573
 1105
 5690
  866
 7259
 9744
 5235
 2027
 6004
 8066
 4884
 4549
 3514
 8254
 9401
 1027
 8324
 1860
 1243
 1653
 8199
 1248
 6034
 2873
 6188
 4838
 9371
 1628
 7595
 3681
 8317
 5032
 3016
 8064
 4449
 1115
 1894
 8241
 5086
 2869
 8763
 4427
 4563
 6234
 8824
 8005
 3116
 6930
 5568
  756
 5625
  831
 8983
 3340
 2975
 1114
 8969
 6143
  832
 6158
 9865
 8714
 6121
 5613
 5717
 2284
 7157
 9435
 9502
 9780
 5339
 7552
 1735
 3091
 7666
  423
 8543
 3291
 2023
 2380
 4355
 1334
 3190
 6857
 2569
 3835
  283
 7280
 5431
 8678
 5876
 3276
 1938
 7204
 8200
 3991
 1702
 7444
 4103
 4084
 2442
 9943
 1680
 9074
 6804
  944
 6297
 2449
  747
 8994
 9163
 7774
 6350
 9506
 7907
 3889
 5042
 5602
 4924
 5100
 6859
 7092
 3575
 6579
 3242
 9349
 2677
 5524
 7498
 7119
 9603
 9230
 1502
 4331
 1943
 3097
 8479
 5775
 2490
 6249
 9902
 8287
 4995
 3365
 1202
 5480
 7169
 3327
 9028
 7535
 4377
 5216
 2033
 8300
  148
 3157
 1303
 3965
 3382
 5823
 8138
 1135
 7095
 3234
 5752
 5630
 2889
 4788
 2173
 6378
 7248
 1272
 7160
 9059
 1300
 7622
  740
 7330
 4487
 8308
 5469
 6707
  618
 9195
 2605
 7545
 6895
  768
 8012
 5343
 1812
 5932
 3247
 1201
 9838
 8046
 4991
 4064
 9081
 4058
 8725
  511
 1079
 6906
 9011
 9018
 5808
 7739
 4045
 4491
 3380
 1394
 5594
 7352
 7917
 5785
 5988
 6759
 3704
 9520
 3632
 3515
 8937
 3458
 6523
 3020
 9420
 2981
 5200
 9533
 4093
 7777
 2868
 9750
 1168
 5897
 5676
 5583
 7361
 8636
 4546
 1900
 9215
 7781
 8258
 1482
 1277
 2858
 9641
 1949
 8568
 7507
 2042
  598
 3782
 4301
 8897
 7970
  309
 2669
 5377
 1661
  399
  978
 8860
 6958
 2234
 5327
 4677
 9144
 5288
  498
 1425
 8938
 2317
 4905
 4534
 6600
 9883
 7477
 9879
 3758
 2177
 1173
  949
 1387
 9281
 9416
 9206
 7607
 5145
  207
 3771
 1182
 3661
 7203
 6623
 5296
 4183
 7939
 1858
 1025
  160
 2104
 7799
 2013
 7530
 7436
 1703
 8737
 7411
  531
 1575
 6657
 2016
 5265
 8532
 5071
  214
 8664
 8644
 7072
  967
 6824
 6336
 2324
 8791
 1942
 2782
 8908
 8898
 4904
 6050
 8095
 9650
 5921
 3856
 4385
 5966
 9409
 4593
 3451
 8449
 2203
 8043
 4758
 2161
 9377
 3538
 2640
 7320
 5185
 9153
 3883
 3002
 4754
 3987
 4644
 4917
 8952
 8863
 7316
 1483
 7368
 5010
 1571
  290
 7093
 1377
 4779
 5243
    9
 8444
 7290
  888
 3722
 3674
 7457
 9790
  291
 5976
 1951
 6619
 8453
 7046
 5001
 8067
 8231
 7897
 2198
 4137
 2633
 2584
 8223
  179
 1391
  758
 7527
 7201
 9150
  983
 7994
 8932
  381
 1309
 1738
 6003
  923
 3908
 2824
 9020
 8814
 4190
 6464
 7423
 9835
 1102
 4618
  561
 8270
 2301
 7534
 7656
 1294
 5132
 7795
 4053
 2827
 4013
 5367
 4566
 6599
 3531
 5534
 7520
 1910
 8165
 7014
 4189
 3630
 3305
 2055
 5827
 4159
 8129
 7925
 7652
 4115
 3691
 9815
 4074
 3422
 5112
 1466
 1800
 7291
 6456
 6732
 1037
 8607
 4181
 8559
 7109
 7768
  499
 5396
  594
 6646
 2101
 4310
 4927
 7217
 6453
 3302
 1382
 7025
 2285
  890
 4184
 9013
 2400
 7726
 1766
 9719
 1226
 2642
 5067
 4550
  940
 8583
 9450
 6539
 7062
 1673
 1619
 8362
 7904
 6867
 9746
 9042
 8665
 8643
 1154
 8396
 1287
 3454
   24
 5605
 5413
 5211
 7665
 7240
 2202
 8114
 3553
 8589
 4158
 8783
 6335
 9958
 4514
 1063
 1798
 8214
  633
 1609
 5275
 9872
 5687
 8102
 1785
 2803
 8561
  790
 9007
 2435
 7803
  487
 3152
 5351
 2133
 2486
 2187
 4172
 2078
 6783
 2685
 4107
 3425
 2518
 5318
 3723
 8978
 1232
 7638
 1714
 6168
 7633
 3123
 8698
  522
 4645
 7332
 6060
 7729
  719
 3260
 8447
 4264
 2517
 1711
 7030
 9124
 4740
  581
 3306
  793
 2199
 8649
 8545
 7923
 3182
 2613
 1538
 8540
 2382
  576
 1339
 1912
 1159
 3790
 3619
 4446
 2299
 8294
 4548
 4274
 9558
 4622
 5644
 1403
 3939
 8411
 9791
 3547
 1624
 3593
 3833
 6898
 9591
 6059
 6656
 7260
  535
 4485
 3645
 7416
 6165
 5702
 4386
 3477
 3335
 4087
 7142
 3191
 9593
 1195
  484
  527
 8163
 5412
  494
 9291
 7040
 5501
 3270
 3750
 6484
 1131
 4199
 9525
 1787
 9032
 6597
 1335
 7494
 4940
 8660
 4874
  302
 5039
 1120
 6676
 1453
 4771
 5628
   52
 9820
 5881
 6182
 1729
 2643
 6754
 8376
  763
 4430
 8149
 7116
 6635
 7524
  108
 9720
 4354
 1099
 3351
 4909
 6105
 4112
 3621
 8718
 7503
 9136
 8153
 5398
 7985
 4876
 8651
 1039
 9951
 8077
 4227
 7661
 4745
 8506
 4071
 2727
 9433
 2036
 7193
 7608
  416
 1630
 5453
 3869
 2717
 9759
 7231
 4469
 5569
 3668
  883
 1865
 5437
 8215
 6383
 9672
 4695
 7029
 2135
 4608
  885
 3377
 2689
  278
 2574
 6412
 4784
 9949
 2534
 3448
 6613
 4304
 7829
 7236
  825
 6641
 7995
 2570
 3534
 2392
 4659
 9669
 4504
 1133
 1094
 9939
 1808
 6517
 2533
 3400
 8285
 6553
 8326
 5507
 8350
 2938
 3709
 7463
 3662
  585
 9091
 7386
 1362
 2871
 2405
 2648
 1504
 9735
 1978
 5869
 2637
  850
 9308
  789
 2240
 5390
 6402
 2741
 7068
 4764
  746
 6586
 6436
 4631
 3770
 4100
  938
 1732
 9722
 3289
 7112
 5959
  345
  304
 1398
 4478
 1873
 9675
 2721
 9877
 4286
 9852
 1463
 7980
 9825
 6852
 9731
 8523
 9800
  753
 3509
 3179
 8370
 6083
 4248
 6919
 9469
 4737
   19
 2096
 9269
 2488
 6961
 7106
 3689
 9850
 6469
 8505
 4709
  637
 4870
 8723
 7800
 3321
 4899
 3828
 4142
 5679
 1207
 1031
 2047
 8145
 1856
 1414
 2229
 5850
 6273
 7001
 6039
 4059
 4690
 9530
 5172
 3960
 1903
 1859
 6324
 4156
 5513
 5187
 8004
 8868
 5931
  521
 4513
 9734
 6356
 2087
 4441
 3854
 8346
 8318
 1251
 3435
 7147
  785
 4901
 6152
 7794
 2651
 1471
 9297
 2214
 3297
 7857
 4346
  180
 3688
 7591
 4168
 9455
 5099
 4118
 2627
 6291
  741
 2005
 3751
 3497
 6316
 1558
 4000
 8448
 7836
 6119
  695
 6868
 6259
 3213
 1479
 8760
 8882
 9524
  232
 2322
 8534
 8314
 5448
 9795
 6808
 3144
 6860
 7307
 4713
 9644
 3641
 7400
 1111
 9114
  835
 6873
 2329
 4332
 2327
 1514
 5730
 1239
 5066
  410
 8062
 4570
 9374
 3470
 2561
  491
 2089
 5691
  871
 3137
 4453
 8248
 3994
 5589
 3836
 1925
  102
 2170
 1730
 6093
 5980
 1456
 8982
 8950
 8171
 4082
 4858
 1262
 9608
 6753
 9658
 3625
 9970
  479
  268
 3979
 2228
 4582
 5124
  770
 5817
 6850
 8521
 7782
 9633
  202
 4254
 4033
 8993
 1667
 3323
  886
 1196
 9445
 5164
 9619
 2779
 3397
 6632
 1062
 3043
 7956
 9211
 5011
 1774
 8391
 5978
 2007
 7311
 2205
 1600
 7171
 4732
 1718
 6648
  427
 1539
 4571
 5875
 4019
 5531
 9000
 1756
 6999
 2386
 9375
 2297
 4886
 3913
 9965
 9660
 7263
 3706
 1716
 2155
  985
 9476
 6005
 5899
 9279
 8125
 1770
 1922
 2153
 1122
 6714
 1505
 6766
 7597
 4877
 4816
 4897
 8239
 7919
 7356
 8624
 6164
 6544
 9868
 5166
 1034
 6134
 9118
 9170
  652
 3134
 8456
 9620
 3614
 6470